163.00000000000006 365 78.00000000000006 365 78.00000000000006 409 163.00000000000006 409 eggs 0
348 352 266 352 266 397 348 397 eggs 0
244.00000000000006 358 168.00000000000006 358 168.00000000000006 403 244.00000000000006 403 eggs 0
172.00000000000006 331 86.00000000000003 331 86.00000000000006 373 172.00000000000006 373 eggs 0
256 325 171.00000000000006 325 171.00000000000006 369 256 369 eggs 0
437 348 350 348 350 386 437 386 eggs 0
528 339.00000000000006 440 339 440 377 528 377.0000000000001 eggs 0
337 321 259 321 259 356 337 356 eggs 0
419 316 346 316 346 352 419 352 eggs 0
505 310.00000000000006 423 310 423 344.00000000000006 505 344.0000000000001 eggs 0
177.00000000000006 302 103.00000000000003 302 103.00000000000003 335 177.00000000000006 335 eggs 0
254.00000000000006 300 184.00000000000006 300 184.00000000000006 331 254.00000000000006 331 eggs 0
326 291 257 291 257 327 326 327 eggs 0
406 287 331 287 331 318 406 318 eggs 0
481 282.00000000000006 409 282 409 313.00000000000006 481 313.0000000000001 eggs 0
182.00000000000006 271 112.00000000000003 271 112.00000000000003 305 182.00000000000006 305 eggs 0
255.00000000000006 276 189.00000000000006 276 189.00000000000006 302 255.00000000000006 302 eggs 0
317 268 259 268 259 297 317 297 eggs 0
386 265 328 265 328 291 386 291 eggs 0
463 250.00000000000006 387 250.00000000000006 387 284 463 284 eggs 0