122.00000000000001 75.00000000000001 9.184850993605149e-15 75 1.8247237307295562e-14 223 122.00000000000003 223 eggs 0
326 91.00000000000003 224 91.00000000000003 224.00000000000003 239.00000000000003 326 239.00000000000006 eggs 0
134.00000000000006 257 33.00000000000003 257 33.000000000000036 369 134.00000000000006 369 eggs 0
225.00000000000006 253 131.00000000000006 253 131.00000000000006 367 225.00000000000006 367 eggs 0
321 258 227.00000000000006 258 227.00000000000006 360 321 360 eggs 0
221 85.00000000000001 109 85 109.00000000000003 235 221.00000000000006 235 eggs 0
406 268 323 268 323 370 406 370 eggs 0
490 266.00000000000006 402 266 402 365.00000000000006 490 365.0000000000001 eggs 0
590 263.0000000000001 498 263.0000000000001 498 375.0000000000001 590 375.0000000000001 eggs 0
139 34.00000000000001 50 34 50.00000000000001 120.00000000000001 139 120.00000000000003 eggs 0
221 29.00000000000002 137 29.000000000000014 137 107.00000000000003 221 107.00000000000003 eggs 0
323 34.000000000000036 240 34.00000000000003 240 120.00000000000003 323 120.00000000000003 eggs 0