119.00000000000003 110.00000000000001 1.0000000000000133 110 1.000000000000025 302 119.00000000000003 302 eggs 0
215.00000000000003 105.00000000000003 117 105.00000000000003 117.00000000000001 302 215.00000000000006 302 eggs 0
102.00000000000004 299 3.661693929450586e-14 299 4.972066004538254e-14 513 102.00000000000006 513 eggs 0
200.00000000000006 295 90.00000000000003 295 90.00000000000003 503 200.00000000000006 503 eggs 0
312 113.00000000000003 214 113.00000000000003 214.00000000000003 311 312 311 eggs 0
311.00000000000006 303 199.00000000000006 303 199.00000000000006 503 311.0000000000001 503 eggs 0
408 105.00000000000003 314 105.00000000000003 314 315 408 315 eggs 0
413.00000000000006 302 307 302 307.00000000000006 520 413.0000000000001 520 eggs 0
520 94.00000000000006 408 94.00000000000006 408 306.00000000000006 520 306.0000000000001 eggs 0
628 93.00000000000009 512 93.00000000000006 512 305.0000000000001 628 305.0000000000001 eggs 0
532 304.00000000000006 415 304 415.00000000000006 524 532 524 eggs 0
640 291.0000000000001 522 291.0000000000001 522 512 640 512 eggs 0