549 9.000000000000062 468 9.000000000000057 468 117.00000000000006 549 117.00000000000006 eggs 0
398 315 316 315 316 423 398 423 eggs 0
233.00000000000006 314 149.00000000000006 314 149.00000000000006 422 233.00000000000006 422 eggs 0
236.00000000000006 540 147.00000000000006 540 147.00000000000006 640 236.00000000000006 640 eggs 0
395.0000000000001 520 321.0000000000001 520 321.0000000000001 630 395.0000000000001 630 eggs 0
317.0000000000001 533 237.00000000000006 533 237.00000000000006 639 317.0000000000001 639 eggs 0
471.0000000000001 523 397.0000000000001 523 397.0000000000001 626 471.0000000000001 626 eggs 0
539 520 470.0000000000001 520 470.0000000000001 612 539 612 eggs 0
236.00000000000006 431 150.00000000000006 431 150.00000000000006 535 236.00000000000006 535 eggs 0
316.00000000000006 426 234.00000000000006 426 234.00000000000006 531 316.0000000000001 531 eggs 0
396.0000000000001 421 320 421 320.00000000000006 517 396.0000000000001 517 eggs 0
473.00000000000006 417 395 417 395.00000000000006 503.00000000000006 473.0000000000001 503.0000000000001 eggs 0
542 411.0000000000001 466 411.0000000000001 466.0000000000001 509.0000000000001 542 509.0000000000001 eggs 0
376 314 316 314 316 408 376 408 eggs 0
314 318 233.00000000000006 318 233.00000000000006 419 314 419 eggs 0
470 313.00000000000006 394 313 394 397 470 397.0000000000001 eggs 0
543 313.0000000000001 471 313.0000000000001 471 405.0000000000001 543 405.0000000000001 eggs 0
230.00000000000003 208 153 208 153.00000000000003 310 230.00000000000006 310 eggs 0
390 210.00000000000006 318 210.00000000000006 318 302 390 302 eggs 0
472 216.00000000000006 394 216.00000000000006 394 306.00000000000006 472 306.0000000000001 eggs 0
545 215.00000000000006 474 215.00000000000006 474 309.0000000000001 545 309.0000000000001 eggs 0
538 119.00000000000006 469 119.00000000000006 469 198.00000000000006 538 198.00000000000006 eggs 0
473 112.00000000000006 397 112.00000000000006 397 212.00000000000006 473 212.00000000000006 eggs 0
401 4.4332214129134187e-14 323 3.955609161245951e-14 323 91.00000000000006 401 91.00000000000006 eggs 0
468 11.000000000000053 401 11.00000000000005 401 102.00000000000006 468 102.00000000000006 eggs 0