385 91.00000000000006 333 91.00000000000003 333 161.00000000000006 385 161.00000000000006 eggs 0
202 91.00000000000003 143 91.00000000000003 143 168 202 168 eggs 0
196 232 138 232 138.00000000000003 326 196.00000000000006 326 eggs 0
393 241.00000000000006 331 241.00000000000006 331 333 393 333 eggs 0
190.00000000000006 415 127.00000000000006 415 127.00000000000006 506 190.00000000000006 506 eggs 0
534 416.0000000000001 467 416.0000000000001 467 512 534 512 eggs 0
266 89.00000000000003 206 89.00000000000003 206 170.00000000000003 266 170.00000000000006 eggs 0
324 84.00000000000003 268 84.00000000000003 268 164.00000000000006 324 164.00000000000006 eggs 0
261 162.00000000000003 201 162 201 248.00000000000006 261 248.00000000000006 eggs 0
325 164.00000000000006 267 164.00000000000006 267 242.00000000000006 325 242.00000000000006 eggs 0
442 90.00000000000006 389 90.00000000000006 389 158.00000000000006 442 158.00000000000006 eggs 0
505 83.00000000000006 444 83.00000000000006 444 169.00000000000006 505 169.00000000000006 eggs 0
386 163.00000000000006 328 163.00000000000006 328 241.00000000000006 386 241.00000000000006 eggs 0
449 157.00000000000006 389 157.00000000000006 389 244.00000000000006 449 244.00000000000006 eggs 0
507 169.00000000000006 452 169.00000000000006 452 246.00000000000006 507 246.00000000000006 eggs 0
261 242.00000000000003 203.00000000000006 242 203.00000000000006 330 261 330 eggs 0
323 239.00000000000006 264 239.00000000000006 264 333 323 333 eggs 0
452 241.00000000000006 392 241.00000000000006 392 332 452 332 eggs 0
520 250.00000000000006 458 250.00000000000006 458 330.00000000000006 520 330.0000000000001 eggs 0
261 326 197.00000000000006 326 197.00000000000006 416 261 416 eggs 0
195.00000000000006 324 127.00000000000003 324 127.00000000000004 413 195.00000000000006 413 eggs 0
254.00000000000006 418 192.00000000000006 418 192.00000000000006 508 254.00000000000006 508 eggs 0
325 323 260 323 260 418 325 418 eggs 0
389 331 327 331 327 417 389 417 eggs 0
456 328 401 328 401 416 456 416 eggs 0
522 332 462 332 462 416.0000000000001 522 416.0000000000001 eggs 0
325.00000000000006 409 257 409 257.00000000000006 511 325.0000000000001 511 eggs 0
394.00000000000006 415 327 415 327 510 394.0000000000001 510 eggs 0
466.0000000000001 405.00000000000006 396 405 396.0000000000001 512 466.0000000000001 512 eggs 0
530 415.00000000000006 462 415 462 511.0000000000001 530 511.0000000000001 eggs 0