136 98 40.000000000000014 98 40.000000000000014 171 136 171 eggs 0
102.00000000000006 377 4.6169184327855214e-14 377 5.290474172316566e-14 487 102.00000000000006 487 eggs 0
420.00000000000006 393 312 393 312.00000000000006 507 420.0000000000001 507 eggs 0
233 98.00000000000003 137 98.00000000000003 137 186 233 186.00000000000006 eggs 0
313 102.00000000000003 237 102.00000000000003 237 194.00000000000006 313 194.00000000000006 eggs 0
121.00000000000003 177 18.00000000000002 177 18.00000000000003 269 121.00000000000003 269 eggs 0
224.00000000000003 185 126.00000000000003 185 126.00000000000003 283 224.00000000000006 283 eggs 0
310 187.00000000000003 227 187 227.00000000000003 291 310 291 eggs 0
112.00000000000004 276 8.000000000000036 276 8.00000000000004 364 112.00000000000006 364 eggs 0
215.00000000000006 274 109.00000000000003 274 109.00000000000004 368 215.00000000000006 368 eggs 0
301 291 214.00000000000006 291 214.00000000000006 371 301 371 eggs 0
420 285 317 285 317 378 420 378 eggs 0
526 297.00000000000006 417 297 417 386.0000000000001 526 386.0000000000001 eggs 0
629 305.0000000000001 527 305.0000000000001 527 402.0000000000001 629 402.0000000000001 eggs 0
626 215.00000000000006 522 215.00000000000006 522 297.0000000000001 626 297.0000000000001 eggs 0
523 218.00000000000006 421 218.00000000000006 421 292.00000000000006 523 292.0000000000001 eggs 0
412 198.00000000000006 311 198.00000000000006 311 276 412 276 eggs 0
209.00000000000006 386 97.00000000000006 386 97.00000000000006 486 209.00000000000006 486 eggs 0
302.00000000000006 391 200.00000000000006 391 200.00000000000006 491 302.0000000000001 491 eggs 0
77.00000000000007 477 5.841565231932875e-14 477 6.55186037543834e-14 593 77.00000000000009 593 eggs 0
191.00000000000006 486 72.00000000000006 486 72.00000000000007 608 191.00000000000006 608 eggs 0
302.0000000000001 500 188.00000000000006 500 188.00000000000006 620 302.0000000000001 620 eggs 0
532 397 420 397 420.00000000000006 512 532 512 eggs 0
640 410.0000000000001 520 410.0000000000001 520 518 640 518 eggs 0
421.0000000000001 512 311.0000000000001 512 311.0000000000001 624 421.0000000000001 624 eggs 0
528 503.00000000000006 412.0000000000001 503 412.0000000000001 625 528 625 eggs 0
640 521 518 521 518 634 640 634 eggs 0