3 0.188281 0.604688 0.132812 0.068750
3 0.479687 0.585156 0.128125 0.070312
3 0.321875 0.594531 0.118750 0.070312
3 0.201563 0.550000 0.134375 0.065625
3 0.333594 0.542188 0.132812 0.068750
3 0.614844 0.573438 0.135937 0.059375
3 0.756250 0.559375 0.137500 0.059375
3 0.465625 0.528906 0.121875 0.054688
3 0.597656 0.521875 0.114062 0.056250
3 0.725000 0.510938 0.128125 0.053125
3 0.218750 0.497656 0.115625 0.051562
3 0.342188 0.492969 0.109375 0.048438
3 0.455469 0.482812 0.107813 0.056250
3 0.575781 0.472656 0.117188 0.048438
3 0.695312 0.464844 0.112500 0.048438
3 0.229688 0.450000 0.109375 0.053125
3 0.346875 0.451562 0.103125 0.040625
3 0.450000 0.441406 0.090625 0.045312
3 0.557813 0.434375 0.090625 0.040625
3 0.664062 0.417187 0.118750 0.053125