3 0.794531 0.098438 0.126562 0.168750
3 0.557813 0.576562 0.128125 0.168750
3 0.298438 0.575000 0.131250 0.168750
3 0.299219 0.921875 0.139063 0.156250
3 0.559375 0.898438 0.115625 0.171875
3 0.432813 0.915625 0.125000 0.165625
3 0.678125 0.897656 0.115625 0.160938
3 0.788281 0.884375 0.107812 0.143750
3 0.301563 0.754687 0.134375 0.162500
3 0.429688 0.747656 0.128125 0.164062
3 0.559375 0.732812 0.118750 0.150000
3 0.678125 0.718750 0.121875 0.134375
3 0.787500 0.718750 0.118750 0.153125
3 0.540625 0.564063 0.093750 0.146875
3 0.427344 0.575781 0.126562 0.157812
3 0.675000 0.554688 0.118750 0.131250
3 0.792188 0.560938 0.112500 0.143750
3 0.299219 0.404687 0.120313 0.159375
3 0.553125 0.400000 0.112500 0.143750
3 0.676562 0.407813 0.121875 0.140625
3 0.796094 0.409375 0.110937 0.146875
3 0.786719 0.247656 0.107813 0.123438
3 0.679688 0.253125 0.118750 0.156250
3 0.565625 0.071094 0.121875 0.142188
3 0.678906 0.088281 0.104688 0.142187