3 0.560937 0.196875 0.081250 0.109375
3 0.269531 0.202344 0.092188 0.120312
3 0.260937 0.435937 0.090625 0.146875
3 0.565625 0.448437 0.096875 0.143750
3 0.247656 0.719531 0.098437 0.142187
3 0.782031 0.725000 0.104688 0.150000
3 0.368750 0.202344 0.093750 0.126563
3 0.462500 0.193750 0.087500 0.125000
3 0.360938 0.320312 0.093750 0.134375
3 0.462500 0.317188 0.090625 0.121875
3 0.649219 0.193750 0.082812 0.106250
3 0.741406 0.196875 0.095312 0.134375
3 0.557813 0.315625 0.090625 0.121875
3 0.654687 0.313281 0.093750 0.135937
3 0.749219 0.324219 0.085938 0.120313
3 0.362500 0.446875 0.090625 0.137500
3 0.458594 0.446875 0.092188 0.146875
3 0.659375 0.447656 0.093750 0.142187
3 0.764062 0.453125 0.096875 0.125000
3 0.357813 0.579688 0.100000 0.140625
3 0.251563 0.575781 0.106250 0.139063
3 0.348438 0.723437 0.096875 0.140625
3 0.457031 0.578906 0.101562 0.148438
3 0.559375 0.584375 0.096875 0.134375
3 0.669531 0.581250 0.085938 0.137500
3 0.768750 0.584375 0.093750 0.131250
3 0.454688 0.718750 0.106250 0.159375
3 0.563281 0.722656 0.104688 0.148438
3 0.673438 0.716406 0.109375 0.167187
3 0.775000 0.723437 0.106250 0.150000