3 0.137500 0.210156 0.150000 0.114062
3 0.079688 0.675000 0.159375 0.171875
3 0.571875 0.703125 0.168750 0.178125
3 0.289062 0.221875 0.150000 0.137500
3 0.429688 0.231250 0.118750 0.143750
3 0.108594 0.348438 0.160938 0.143750
3 0.273438 0.365625 0.153125 0.153125
3 0.419531 0.373437 0.129688 0.162500
3 0.093750 0.500000 0.162500 0.137500
3 0.253125 0.501563 0.165625 0.146875
3 0.402344 0.517188 0.135937 0.125000
3 0.575781 0.517969 0.160938 0.145313
3 0.736719 0.533594 0.170313 0.139063
3 0.903125 0.552344 0.159375 0.151562
3 0.896875 0.400000 0.162500 0.128125
3 0.737500 0.398438 0.159375 0.115625
3 0.564844 0.370313 0.157812 0.121875
3 0.239063 0.681250 0.175000 0.156250
3 0.392188 0.689063 0.159375 0.156250
3 0.060156 0.835938 0.120313 0.181250
3 0.205469 0.854688 0.185938 0.190625
3 0.382813 0.875000 0.178125 0.187500
3 0.743750 0.710156 0.175000 0.179688
3 0.906250 0.725000 0.187500 0.168750
3 0.571875 0.887500 0.171875 0.175000
3 0.734375 0.881250 0.181250 0.190625
3 0.904687 0.902344 0.190625 0.176563